7 8
0 0 0 0 0 0 1 1
1 1 0 0 0 0 1 1
1 1 0 0 0 0 0 0
1 1 0 0 0 1 1 0
0 0 0 0 0 1 1 0
0 0 0 0 0 0 0 0
1 1 1 1 1 1 1 1

output : 9

7 8
0 0 0 1 1 0 0 0
0 0 0 1 1 0 0 0
1 1 0 0 0 0 1 1 
1 1 0 0 0 0 1 1
1 1 0 0 0 0 0 0
0 0 0 0 0 0 0 0 
1 1 1 1 1 1 1 1

output : 10

7 8
1 0 0 1 1 1 0 0
0 0 1 0 0 0 1 1
0 0 1 0 0 0 1 1 
0 0 1 1 1 0 0 0
0 0 0 0 0 0 0 0
0 1 1 1 0 0 0 0
1 1 1 1 1 1 0 0

output : 9

7 7
1 1 1 0 1 1 1
1 1 1 0 1 1 1
1 1 1 0 1 1 1
0 0 0 0 0 0 0
1 1 1 0 1 1 1
1 1 1 0 1 1 1
1 1 1 0 1 1 1

output : -1